@subtask samples
manual example.in

@subtask brute
@include samples
gen 5000 5000 1 5000 1000000000 1
gen 5000 5000 1 5000 1000000000 2
gen 5000 5000 1 5000 1000000000 3
gen 5000 5000 1 5000 1000000000 4
gen 5000 5000 1 5000 1000000000 5

@subtask static
gen-static 200000 200000 1 20 1000000000 6
gen-static 200000 200000 1 20 1000000000 7
gen-static 200000 200000 1 200000 1000000000 8
gen-static 200000 200000 1 200000 1000000000 9
gen-static 200000 200000 1 200000 1000000000 10

@subtask full
@include brute
@include static
gen 200000 200000 1 15 1000000000 11
gen 200000 200000 1 15 1000000000 12
gen 200000 200000 1 15 1000000000 13
gen 200000 200000 1 15 1000000000 14
gen 200000 200000 1 200000 1000000000 15
gen 200000 200000 1 200000 1000000000 16
gen 200000 200000 1 200000 1000000000 17
gen 200000 200000 1 200000 1000000000 18
gen 200000 200000 1 200000 1000000000 19
